number = 26
minMaxOutput = 1.0
maxMaxOutput = 2070.0
meanMaxOutput = 275.8846153846154
sdMaxOutput = 494.80649364559287
