number = 845
minMaxOutput = 3.0
maxMaxOutput = 17374.0
meanMaxOutput = 368.7183431952665
sdMaxOutput = 1324.6161426295484
