number = 692
minMaxOutput = 2.0
maxMaxOutput = 7800.0
meanMaxOutput = 264.63005780346845
sdMaxOutput = 746.5480030325142
